Starting Training
Start Time: 2024-09-12 14:18:10.493439
Starting Eval
Start Time: 2024-09-12 17:08:44.779184
Test Accuracy: 54.43565%
Test Loss: 3.32434%
Starting Prediction
Start Time: 2024-09-12 17:09:07.226131
Confusion Matrix:[[0 5 2 ... 2 6 2]
 [0 2 2 ... 3 4 2]
 [3 3 1 ... 5 5 1]
 ...
 [1 3 1 ... 8 4 5]
 [1 0 0 ... 3 5 3]
 [3 5 3 ... 5 5 0]]
True Positives (TP) SUM: 250
True Positives (TP): [0 2 1 1 4 4 0 2 3 4 3 4 0 0 3 4 2 1 1 3 1 0 2 6 0 6 3 2 3 0 2 2 1 4 2 5 2
 2 5 1 3 4 6 3 2 3 8 2 2 3 2 2 3 1 4 2 1 1 1 2 1 5 4 0 0 1 6 5 1 3 5 1 2 0
 0 5 0 2 7 1 3 1 2 2 1 2 2 1 1 4 1 4 1 1 2 4 6 4 8 5 0]
False Positives (FP) SUM: 25000
False Positives (FP): [154 374 204 215 151 421 189 163 313 364 325 172 243 141 261 210 264 286
 129 279 132  83 140 316 239 492 339 221 165 291 230 353 470 239 254 166
 273 148 397 143 326 243 358 261 214 263 368 149 156 245  56 235 233 216
 178 426 150 146 130 205 227 605 415 177 192 139 465 306 273 152 202 203
 240 154 211 226 320 156 595 182 364 153  86 241 204 206 175 140 131 352
 195 236 137 160 331 265 399 272 345 406 255]
False Negatives (FN) SUM: 25000
False Negatives (FN): [250 248 249 249 246 246 250 248 247 246 247 246 250 250 247 246 248 249
 249 247 249 250 248 244 250 244 247 248 247 250 248 248 249 246 248 245
 248 248 245 249 247 246 244 247 248 247 242 248 248 247 248 248 247 249
 246 248 249 249 249 248 249 245 246 250 250 249 244 245 249 247 245 249
 248 250 250 245 250 248 243 249 247 249 248 248 249 248 248 249 249 246
 249 246 249 249 248 246 244 246 242 245 250]
True Negatives (TN) SUM: 2500000
True Negatives (TN): [24846 24626 24796 24785 24849 24579 24811 24837 24687 24636 24675 24828
 24757 24859 24739 24790 24736 24714 24871 24721 24868 24917 24860 24684
 24761 24508 24661 24779 24835 24709 24770 24647 24530 24761 24746 24834
 24727 24852 24603 24857 24674 24757 24642 24739 24786 24737 24632 24851
 24844 24755 24944 24765 24767 24784 24822 24574 24850 24854 24870 24795
 24773 24395 24585 24823 24808 24861 24535 24694 24727 24848 24798 24797
 24760 24846 24789 24774 24680 24844 24405 24818 24636 24847 24914 24759
 24796 24794 24825 24860 24869 24648 24805 24764 24863 24840 24669 24735
 24601 24728 24655 24594 24745]
End Time: 2024-09-12 17:09:53.373994
