Starting Training
Start Time: 2024-09-12 11:57:04.408272
Starting Eval
Start Time: 2024-09-12 12:01:36.583990
Test Accuracy: 0.99010%
Test Loss: 6.75780%
Starting Prediction
Start Time: 2024-09-12 12:01:58.824278
Confusion Matrix:[[0 0 0 ... 0 0 0]
 [0 0 0 ... 0 0 0]
 [0 0 0 ... 0 0 0]
 ...
 [0 0 0 ... 0 0 0]
 [0 0 0 ... 0 0 0]
 [0 0 0 ... 0 0 0]]
True Positives (TP) SUM: 250
True Positives (TP): [  0   0   0   0   0   0   0   0   0   0   0   0   0   0   0   0   0 250
   0   0   0   0   0   0   0   0   0   0   0   0   0   0   0   0   0   0
   0   0   0   0   0   0   0   0   0   0   0   0   0   0   0   0   0   0
   0   0   0   0   0   0   0   0   0   0   0   0   0   0   0   0   0   0
   0   0   0   0   0   0   0   0   0   0   0   0   0   0   0   0   0   0
   0   0   0   0   0   0   0   0   0   0   0]
False Positives (FP) SUM: 25000
False Positives (FP): [    0     0     0     0     0     0     0     0     0     0     0     0
     0     0     0     0     0 25000     0     0     0     0     0     0
     0     0     0     0     0     0     0     0     0     0     0     0
     0     0     0     0     0     0     0     0     0     0     0     0
     0     0     0     0     0     0     0     0     0     0     0     0
     0     0     0     0     0     0     0     0     0     0     0     0
     0     0     0     0     0     0     0     0     0     0     0     0
     0     0     0     0     0     0     0     0     0     0     0     0
     0     0     0     0     0]
False Negatives (FN) SUM: 25000
False Negatives (FN): [250 250 250 250 250 250 250 250 250 250 250 250 250 250 250 250 250   0
 250 250 250 250 250 250 250 250 250 250 250 250 250 250 250 250 250 250
 250 250 250 250 250 250 250 250 250 250 250 250 250 250 250 250 250 250
 250 250 250 250 250 250 250 250 250 250 250 250 250 250 250 250 250 250
 250 250 250 250 250 250 250 250 250 250 250 250 250 250 250 250 250 250
 250 250 250 250 250 250 250 250 250 250 250]
True Negatives (TN) SUM: 2500000
True Negatives (TN): [25000 25000 25000 25000 25000 25000 25000 25000 25000 25000 25000 25000
 25000 25000 25000 25000 25000     0 25000 25000 25000 25000 25000 25000
 25000 25000 25000 25000 25000 25000 25000 25000 25000 25000 25000 25000
 25000 25000 25000 25000 25000 25000 25000 25000 25000 25000 25000 25000
 25000 25000 25000 25000 25000 25000 25000 25000 25000 25000 25000 25000
 25000 25000 25000 25000 25000 25000 25000 25000 25000 25000 25000 25000
 25000 25000 25000 25000 25000 25000 25000 25000 25000 25000 25000 25000
 25000 25000 25000 25000 25000 25000 25000 25000 25000 25000 25000 25000
 25000 25000 25000 25000 25000]
End Time: 2024-09-12 12:02:45.168856
